49,35
0,494
0,493
0,492
0,491
0,490
0,489
0,488
0,487
0,486
0,485
0,484
0,483
0,482
0,481
0,480
0,479
0,478
0,477
0,476
0,475
0,474
0,472
0,273
0,270
10,217
10,309
10,271
10,33
10,251
10,233
10,67
9,5
9,2
9,3
8,9
8,15
8,13
8,10
8,11
8,8
43,4
43,3
43,2
43,1
43,0
42,5
42,4
42,3
42,2
42,1
42,0
36,3
36,2
36,1
36,0
20,3
20,2
20,1
19,3
19,2
19,1
12,3
12,2
12,1
11,30
11,29
11,28
11,27
11,25
11,24
11,23
11,21
11,20
11,18
11,17
11,16
11,15
11,14
11,12
11,11
11,10
11,9
11,8
11,6
11,4
11,3
11,2
11,1
10,315
10,313
10,305
10,294
10,293
10,282
10,258
10,247
10,237
10,231
10,229
10,227
10,225
10,223
10,204
10,183
